name	unique reads 32160118_EXO_S26	32160118_EXO_S26	32160118_EXO_S26 (mult. map. adj.)	PM32160118_EXO_S26(lib)	32160118_EXO_S26 (total)	coordinateString 32160118_EXO_S26	32160118_EXO_S26 (lib)	32160118_EXO_S26 (total)
hsa-miR-30a-5p	998	493250	492709.5	125994.42	31604.3	6:hsa;hsa-mir-30a,71403556,71403577,-	125856.35333713425	31569.671197353608
hsa-let-7a-5p	495	310881	104336.35	79410.58	19919.26	22:hsa;hsa-let-7a-3,46112752,46112773,+	26651.388965519927	6685.205508381691
hsa-let-7a-5p	501	310783	104193.35	79385.55	19912.99	9:hsa;hsa-let-7a-1,94175962,94175983,+	26614.861440625016	6676.042983646078
hsa-let-7a-5p	494	310487	103904.18	79309.94	19894.02	11:hsa;hsa-let-7a-2,122146526,122146547,-	26540.997506251268	6657.515034442944
hsa-let-7b-5p	868	302981	302565.8	77392.63	19413.08	22:hsa;hsa-let-7b,46113691,46113712,+	77286.57197097415	19386.479906647328
hsa-miR-30d-5p	778	297255	296765	75930	19046.2	8:hsa;hsa-mir-30d,134804881,134804902,-	75804.83164642582	19014.801770379185
hsa-miR-26a-5p	506	287999	144258.33	73565.67	18453.13	12:hsa;hsa-mir-26a-2,57824622,57824643,-	36848.95008483923	9243.1506817132
hsa-miR-26a-5p	495	287551	143810.33	73451.23	18424.43	3:hsa;hsa-mir-26a-1,37969413,37969434,+	36734.514202650964	9214.445709114914
hsa-miR-10a-5p	772	254867	254691	65102.52	16330.25	17:hsa;hsa-mir-10a,48579859,48579881,-	65057.565335736486	16318.96914292334
hsa-miR-10b-5p	692	253314	253139.5	64705.83	16230.74	2:hsa;hsa-mir-10b,176150329,176150351,+	64661.254462488534	16219.558953221916
hsa-miR-30c-5p	587	210698	105557.83	53820.11	13500.18	6:hsa;hsa-mir-30c-2,71376966,71376988,-	26963.4012932617	6763.470342338408
hsa-miR-30c-5p	580	210410	105269.83	53746.55	13481.73	1:hsa;hsa-mir-30c-1,40757300,40757322,+	26889.83536899782	6745.017145668082
hsa-miR-125a-5p	436	110116	110116	28127.73	7055.53	19:hsa;hsa-mir-125a,51693268,51693291,+	28127.72679250527	7055.52848801939
hsa-let-7f-5p	275	106023	54429.42	27082.22	6793.28	X:hsa;hsa-let-7f-2,53557199,53557220,-	13903.299806344516	3487.488647226053
hsa-let-7f-5p	253	103505	51915.57	26439.03	6631.94	9:hsa;hsa-let-7f-1,94176353,94176374,+	13261.168908043275	3326.417228997934
hsa-miR-204-5p	409	78165	78155	19966.25	5008.31	9:hsa;hsa-mir-204,70810007,70810028,-	19963.697259873672	5007.6721728100865
hsa-miR-92a-3p	442	72702	39622.33	18570.8	4658.28	13:hsa;hsa-mir-92a-1,91351361,91351382,+	10121.019351243913	2538.745519226394
hsa-let-7c-5p	314	69686	68264.68	17800.4	4465.03	21:hsa;hsa-let-7c,16539838,16539859,+	17437.34209721464	4373.963983289947
hsa-miR-92a-3p	370	66323	33243.33	16941.36	4249.55	X:hsa;hsa-mir-92a-2,134169585,134169606,-	8491.585216246353	2130.0200276985897
hsa-miR-200c-3p	341	55852	55844	14266.68	3578.64	12:hsa;hsa-mir-200c,6963742,6963764,+	14264.637064556142	3578.1260932557925
hsa-miR-200b-3p	429	54088	54080	13816.09	3465.61	1:hsa;hsa-mir-200b,1167160,1167181,+	13814.045778439871	3465.1002636500475
hsa-let-7e-5p	293	50054	49631	12785.66	3207.14	19:hsa;hsa-let-7e,51692793,51692814,+	12677.605510905127	3180.0368192532455
hsa-miR-320a-3p	347	47513	46570.03	12136.59	3044.33	8:hsa;hsa-mir-320a,22245007,22245028,-	11895.719426571133	2983.909361705757
hsa-miR-21-5p	284	44482	44482	11362.36	2850.12	17:hsa;hsa-mir-21,59841273,59841294,+	11362.359177451228	2850.121855171624
hsa-miR-26b-5p	217	43537	43530.33	11120.97	2789.57	2:hsa;hsa-mir-26b,218402657,218402677,+	11119.268073546853	2789.145146266786
hsa-let-7g-5p	215	42080	41929.6	10748.8	2696.22	3:hsa;hsa-let-7g,52268282,52268303,-	10710.381173662581	2686.5803996808622
hsa-miR-23b-3p	309	38866	38743	9927.82	2490.28	9:hsa;hsa-mir-23b,95085265,95085287,+	9896.404874151182	2482.4034673556544
hsa-miR-27b-3p	266	35340	35115.67	9027.15	2264.36	9:hsa;hsa-mir-27b,95085505,95085525,+	8969.848869707257	2249.9871639222238
hsa-miR-30a-3p	276	32070	32065.5	8191.87	2054.84	6:hsa;hsa-mir-30a,71403597,71403618,-	8190.722723900956	2054.552006362252
hsa-miR-191-5p	213	28349	28349	7241.39	1816.42	3:hsa;hsa-mir-191,49020633,49020655,-	7241.390232488756	1816.4224736356362
hsa-miR-30e-5p	279	27620	27347.5	7055.18	1769.71	1:hsa;hsa-mir-30e,40754371,40754392,+	6985.569839605851	1752.2527636865693
hsa-miR-125b-5p	238	25398	12745.5	6487.59	1627.34	11:hsa;hsa-mir-125b-1,122099771,122099792,-	3255.675304532274	816.6500630612367
hsa-miR-30b-5p	133	25357	25356.33	6477.12	1624.71	8:hsa;hsa-mir-30b,134800536,134800557,-	6476.951727811529	1624.6715480497746
hsa-miR-125b-5p	234	25305	12652.5	6463.84	1621.38	21:hsa;hsa-mir-125b-2,16590253,16590274,+	3231.919641488729	810.6912183031106
hsa-miR-99b-5p	191	25109	25109	6413.77	1608.82	19:hsa;hsa-mir-99b,51692618,51692639,+	6413.773584520095	1608.8240110944719
hsa-miR-99a-5p	211	23467	23459.5	5994.35	1503.62	21:hsa;hsa-mir-99a,16539101,16539122,+	5992.429862043457	1503.1346086371725
hsa-let-7d-5p	174	22161	21919.25	5660.74	1419.94	9:hsa;hsa-let-7d,94178841,94178862,+	5598.992657712059	1404.4452469306825
hsa-miR-221-3p	224	21091	21091	5387.43	1351.38	X:hsa;hsa-mir-221,45746221,45746243,-	5387.4267661441445	1351.3762881036087
hsa-miR-103a-3p	167	18042	8910	4608.6	1156.02	20:hsa;hsa-mir-103a-2,3917541,3917563,+	2275.945781913816	570.8957719882009
hsa-miR-103a-3p	165	17981	8849	4593.02	1152.11	5:hsa;hsa-mir-103a-1,168560943,168560965,-	2260.364110455147	566.9872824156666
hsa-miR-23a-3p	139	17942	17819	4583.05	1149.61	19:hsa;hsa-mir-23a,13836631,13836651,-	4551.636126590608	1141.7274703768528
hsa-miR-423-5p	171	17706	17706	4522.77	1134.49	17:hsa;hsa-mir-423,30117095,30117117,+	4522.771718806515	1134.487153627732
hsa-miR-222-3p	203	17083	17083	4363.63	1094.57	X:hsa;hsa-mir-222,45747083,45747103,-	4363.634320138468	1094.5693011082426
hsa-miR-192-5p	246	16749	16749	4278.32	1073.17	11:hsa;hsa-mir-192,64891160,64891180,-	4278.318282971328	1073.1687188586288
hsa-miR-151a-5p	67	15232	14717	3890.82	975.97	8:hsa;hsa-mir-151a,140732574,140732594,-	3759.269817331723	942.9711645735531
hsa-miR-203a-3p	131	11826	11826	3020.8	757.73	14:hsa;hsa-mir-203a,104117469,104117490,+	3020.8007650856125	757.7343882752489
hsa-miR-100-5p	121	11775	11766	3007.77	754.47	11:hsa;hsa-mir-100,122152241,122152262,-	3005.4745308639704	753.8899723022644
hsa-miR-200a-3p	128	11390	11375	2909.43	729.8	1:hsa;hsa-mir-200a,1167916,1167937,+	2905.598571186271	728.8371948783152
hsa-miR-194-5p	123	11311	8861	2889.25	724.74	11:hsa;hsa-mir-194-2,64891369,64891390,-	2263.4293572994766	567.7561656102639
hsa-miR-423-3p	125	8657	8657	2211.32	554.69	17:hsa;hsa-mir-423,30117131,30117153,+	2211.3201609458943	554.6851513021165
hsa-miR-29a-3p	119	7802	7789.33	1992.92	499.9	7:hsa;hsa-mir-29a,130876788,130876809,-	1989.6857849518176	499.090624759457
hsa-let-7d-3p	96	7274	7274	1858.05	466.07	9:hsa;hsa-let-7d,94178895,94178916,+	1858.0504621370492	466.07136312482334
hsa-let-7i-5p	87	7112	7089	1816.67	455.69	12:hsa;hsa-let-7i,62603691,62603712,+	1810.7945732869869	454.21774720812107
hsa-miR-30e-3p	93	6765	6760.5	1728.03	433.46	1:hsa;hsa-mir-30e,40754413,40754434,+	1726.8834409234976	433.1695697560308
hsa-miR-181a-5p	106	6567	3283.5	1677.46	420.77	1:hsa;hsa-mir-181a-1,198859067,198859089,-	838.7281677793513	210.38566412157786
hsa-miR-181a-5p	106	6567	3283.5	1677.46	420.77	9:hsa;hsa-mir-181a-2,124692480,124692502,+	838.7281677793513	210.38566412157786
hsa-miR-151a-3p	130	6349	6349	1621.77	406.8	8:hsa;hsa-mir-151a,140732610,140732630,-	1621.7710178867371	406.803283541312
hsa-miR-98-5p	78	6220	6070.8	1588.82	398.54	X:hsa;hsa-mir-98,53556244,53556265,-	1550.7083785457241	388.9780081465737
hsa-miR-205-5p	86	6183	6183	1579.37	396.17	1:hsa;hsa-mir-205,209432166,209432187,+	1579.3684365401946	396.16706601605483
hsa-miR-101-3p	93	6140	3130.5	1568.38	393.41	9:hsa;hsa-mir-101-2,4850345,4850365,+	799.6462705141645	200.58240339046733
hsa-miR-101-3p	90	6019	3009.5	1537.48	385.66	1:hsa;hsa-mir-101-1,65058480,65058500,-	768.7383648338534	192.82949784494855
hsa-miR-92b-3p	117	5952	5952	1520.36	381.37	1:hsa;hsa-mir-92b,155195237,155195258,+	1520.3624347868733	381.3660645200644
hsa-miR-429	65	5866	5866	1498.39	375.86	1:hsa;hsa-mir-429,1169055,1169076,+	1498.39483240252	375.85573495878657
hsa-miR-24-3p	81	5551	2860.5	1417.93	355.67	9:hsa;hsa-mir-24-1,95086064,95086085,+	730.6782165167762	183.282531512037
hsa-miR-1260b	10	5386	3113	1375.78	345.1	11:hsa;hsa-mir-1260b,96341447,96341465,+	795.1761188661857	199.46111539834686
hsa-miR-24-3p	78	5381	2690.5	1374.51	344.78	19:hsa;hsa-mir-24-2,13836336,13836357,-	687.2538862221242	172.39001958858086
hsa-miR-1260a	7	5251	2978	1341.3	336.45	14:hsa;hsa-mir-1260a,77266231,77266248,+	760.6920918674914	190.8111794591317
hsa-miR-378a-3p	37	5232	5231.5	1336.45	335.23	5:hsa;hsa-mir-378a,149732867,149732888,+	1336.3199055086573	335.2010360444753
hsa-miR-182-5p	94	5224	5224	1334.4	334.72	7:hsa;hsa-mir-182,129770405,129770428,-	1334.404126230952	334.7204840478522
hsa-miR-194-5p	56	5029	2579	1284.59	322.23	1:hsa;hsa-mir-194-1,220118171,220118192,-	658.772634293573	165.24581323878462
hsa-miR-148a-3p	75	4902	4901.5	1252.15	314.09	7:hsa;hsa-mir-148a,25949962,25949983,-	1252.025617289627	314.05674819306046
hsa-miR-31-5p	75	4883	4883	1247.3	312.87	9:hsa;hsa-mir-31,21512122,21512142,-	1247.300028404621	312.8713866013902
hsa-miR-186-5p	50	4621	4621	1180.38	296.08	1:hsa;hsa-mir-186,71067645,71067666,-	1180.3754723034513	296.0841035193578
hsa-miR-25-3p	61	4587	4586.33	1171.69	293.91	7:hsa;hsa-mir-25,100093611,100093632,-	1171.5203147531693	293.8628854016334
hsa-miR-532-5p	59	4412	4412	1126.99	282.69	X:hsa;hsa-mir-532,50003167,50003188,+	1126.9890897647322	282.6927212134617
hsa-miR-28-3p	39	4223	4223	1078.71	270.58	3:hsa;hsa-mir-28,188688834,188688855,+	1078.7114519665602	270.58281089856047
hsa-miR-140-3p	100	3894	3894	994.67	249.5	16:hsa;hsa-mir-140,69933142,69933162,+	994.6726009845573	249.50259664669537
hsa-miR-22-3p	51	3746	3746	956.87	240.02	17:hsa;hsa-mir-22,1713955,1713976,-	956.8678899045074	240.01970391333356
hsa-miR-93-5p	57	3678	3678	939.5	235.66	7:hsa;hsa-mir-93,100093778,100093800,-	939.4981577866466	235.6626991439511
hsa-miR-183-5p	60	3642	3642	930.3	233.36	7:hsa;hsa-mir-183,129774931,129774952,-	930.3024172536615	233.3560495601604
hsa-miR-361-5p	52	3577	3577	913.7	229.19	X:hsa;hsa-mir-361,85903641,85903662,-	913.6989968468828	229.19126558942713
hsa-miR-196a-5p	38	3331	2154.17	850.86	213.43	12:hsa;hsa-mir-196a-2,53991762,53991783,+	550.254381429781	138.02521236340255
hsa-miR-891a-5p	44	2883	2883	736.43	184.72	X:hsa;hsa-mir-891a,146027804,146027825,-	736.4255543498919	184.7241875019062
hsa-miR-500a-3p	43	2833	2446.17	723.65	181.52	X:hsa;hsa-mir-500a,50008482,50008503,+	624.8420546417714	156.73470343192722
hsa-miR-660-5p	47	2817	2817	719.57	180.5	X:hsa;hsa-mir-660,50013256,50013277,+	719.5666967060857	180.49532993162322
hsa-miR-10a-3p	56	2735	2735	698.62	175.24	17:hsa;hsa-mir-10a,48579900,48579921,-	698.6208432698419	175.24129476854438
hsa-miR-320b	59	2715	929.95	693.51	173.96	1:hsa;hsa-mir-320b-2,224257080,224257101,-	237.54264220580234	59.58493878890379
hsa-miR-502-3p	36	2696	2310.17	688.66	172.74	X:hsa;hsa-mir-502,50014649,50014670,+	590.1025904060498	148.0206938931623
hsa-miR-320b	56	2647	862.45	676.14	169.6	1:hsa;hsa-mir-320b-1,116671787,116671808,+	220.30062870645523	55.25997081929621
hsa-miR-16-5p	38	2639	1319.17	674.1	169.09	13:hsa;hsa-mir-16-1,50048986,50049007,-	336.96428851193167	84.523756739368
hsa-miR-16-5p	38	2639	1319.17	674.1	169.09	3:hsa;hsa-mir-16-2,160404754,160404775,+	336.96428851193167	84.523756739368
hsa-miR-128-3p	55	2588	1498.5	661.07	165.82	2:hsa;hsa-mir-128-1,135665446,135665466,+	382.7726996855057	96.0142889252884
hsa-miR-181b-5p	59	2510	1359.33	641.15	160.82	9:hsa;hsa-mir-181b-2,124693725,124693747,+	347.2243508658641	87.09737965461596
hsa-miR-574-3p	40	2452	2452	626.33	157.11	4:hsa;hsa-mir-574,38868092,38868113,+	626.3321051910978	157.1084660959674
hsa-miR-27a-3p	52	2376	2157.17	606.92	152.24	19:hsa;hsa-mir-27a,13836490,13836510,-	551.020693140863	138.21743316205178
hsa-miR-196a-5p	25	2353	1176.17	601.04	150.77	17:hsa;hsa-mir-196a-1,48632496,48632517,-	300.43676361701847	75.36123200375488
hsa-miR-30c-2-3p	34	2309	2308.5	589.8	147.95	6:hsa;hsa-mir-30c-2,71377006,71377027,-	589.6768616776709	147.91390456057943
hsa-miR-181b-5p	50	2301	1150.33	587.76	147.43	1:hsa;hsa-mir-181b-1,198858908,198858930,-	293.83796832714495	73.70599734871988
hsa-miR-128-3p	46	2283	1193.5	583.16	146.28	3:hsa;hsa-mir-128-2,35744527,35744547,+	304.86434239215953	76.47184106261709
hsa-miR-146b-5p	32	2110	2110	538.97	135.2	10:hsa;hsa-mir-146b,102436520,102436542,+	538.9725701277391	135.19529504995563
hsa-miR-652-3p	30	2074	2074	529.78	132.89	X:hsa;hsa-mir-652,110055389,110055409,+	529.776829594754	132.88864546616492
hsa-miR-501-3p	50	2037	2033.17	520.33	130.52	X:hsa;hsa-mir-501,50009772,50009793,+	519.34647574947	130.2723068178838
hsa-miR-424-3p	41	2030	2030	518.54	130.07	X:hsa;hsa-mir-424,134546661,134546681,-	518.5375911655499	130.06940708597628
hsa-miR-361-3p	36	1934	1934	494.02	123.92	X:hsa;hsa-mir-361,85903680,85903702,-	494.0156164109229	123.91834152920103
hsa-miR-1180-3p	48	1925	1925	491.72	123.34	17:hsa;hsa-mir-1180,19344546,19344567,-	491.7166812776766	123.34167913325335
hsa-miR-374b-5p	31	1879	1870.5	479.97	120.39	X:hsa;hsa-mir-374b,74218557,74218578,-	477.7953518596853	119.84966795779242
hsa-miR-505-3p	49	1859	1859	474.86	119.11	X:hsa;hsa-mir-505,139924198,139924219,-	474.85782363387057	119.11282156297038
hsa-miR-342-3p	33	1777	1777	453.91	113.86	14:hsa;hsa-mir-342,100109715,100109737,+	453.9119701976267	113.85878639989154
hsa-miR-320c	38	1678	493.28	428.62	107.52	18:hsa;hsa-mir-320c-2,24321716,24321735,+	126.0017153705197	31.606133652183086
hsa-miR-484	46	1676	1676	428.11	107.39	16:hsa;hsa-mir-484,15643301,15643322,+	428.11280925786286	107.3873528453676
hsa-miR-9-5p	24	1644	548	419.94	105.34	15:hsa;hsa-mir-9-3,89368032,89368054,+	139.97960589099588	35.11233255325865
hsa-miR-9-5p	24	1644	548	419.94	105.34	5:hsa;hsa-mir-9-2,88666868,88666890,-	139.97960589099588	35.11233255325865
hsa-miR-9-5p	24	1644	548	419.94	105.34	1:hsa;hsa-mir-9-1,156420356,156420378,-	139.97960589099588	35.11233255325865
hsa-miR-362-5p	27	1636	1636	417.9	104.82	X:hsa;hsa-mir-362,50008968,50008991,+	417.8953197767683	104.82440886337791
hsa-miR-200b-5p	35	1597	1597	407.93	102.33	1:hsa;hsa-mir-200b,1167124,1167145,+	407.9332675327011	102.32553848093798
hsa-miR-455-3p	31	1509	1509	385.45	96.69	9:hsa;hsa-mir-455,114209487,114209507,+	385.454790674293	96.68706172056068
hsa-miR-141-3p	42	1494	1479	381.62	95.73	12:hsa;hsa-mir-141,6964155,6964176,+	377.7916735634721	94.76485373406842
hsa-miR-204-3p	29	1439	1439	367.57	92.2	9:hsa;hsa-mir-204,70810046,70810066,-	367.5741840823775	92.20190975207875
hsa-miR-107	39	1413	847	360.93	90.54	10:hsa;hsa-mir-107,89592796,89592818,-	216.3553397621778	54.2703388186315
hsa-miR-95-3p	17	1374	1374	350.97	88.04	4:hsa;hsa-mir-95,8005349,8005370,-	350.9707636755988	88.03712578134551
hsa-miR-335-5p	23	1363	1363	348.16	87.33	7:hsa;hsa-mir-335,130496126,130496148,+	348.16095406829777	87.33231618629836
hsa-miR-320c	27	1332	361.78	340.24	85.35	18:hsa;hsa-mir-320c-1,21683559,21683578,+	92.41171870142128	23.18045531139201
hsa-miR-532-3p	35	1317	1317	336.41	84.38	X:hsa;hsa-mir-532,50003204,50003225,+	336.410841165039	84.38493060701022
hsa-miR-197-3p	17	1297	1297	331.3	83.1	1:hsa;hsa-mir-197,109598940,109598961,+	331.30209642449176	83.10345861601537
hsa-miR-135a-5p	28	1259	643.83	321.6	80.67	12:hsa;hsa-mir-135a-2,97563834,97563856,+	164.45900777278484	41.252719176775564
hsa-miR-135a-5p	26	1230	614.83	314.19	78.81	3:hsa;hsa-mir-135a-1,52294235,52294257,-	157.05132789899127	39.39458478983305
hsa-miR-375-3p	34	1228	1228	313.68	78.68	2:hsa;hsa-mir-375,219001684,219001705,-	313.6769270696036	78.68238024708317
hsa-miR-196b-5p	21	1226	1224.67	313.17	78.55	7:hsa;hsa-mir-196b,27169494,27169515,-	312.82546961284567	78.46880158191736
hsa-miR-152-3p	26	1201	1201	306.78	76.95	17:hsa;hsa-mir-152,48037214,48037234,-	306.78012166986474	76.95239305924015
hsa-miR-328-3p	29	1191	1191	304.23	76.31	16:hsa;hsa-mir-328,67202368,67202389,-	304.2257492995911	76.31165706374273
hsa-miR-29c-3p	30	1168	1121.33	298.35	74.84	1:hsa;hsa-mir-29c,207801905,207801926,-	286.43028845335135	71.84786296177737
hsa-miR-425-5p	28	1145	1145	292.48	73.36	3:hsa;hsa-mir-425,49020161,49020183,-	292.47563639633233	73.36427148445459
hsa-miR-339-5p	12	1137	1137	290.43	72.85	7:hsa;hsa-mir-339,1022947,1022969,-	290.4321385001134	72.85168268805666
hsa-miR-125b-2-3p	29	1123	1123	286.86	71.95	21:hsa;hsa-mir-125b-2,16590290,16590311,+	286.8560171817303	71.95465229436027
hsa-miR-15b-5p	16	1113	1113	284.3	71.31	3:hsa;hsa-mir-15b,160404607,160404628,+	284.3016448114567	71.31391629886285
hsa-miR-193a-5p	21	1098	1098	280.47	70.35	17:hsa;hsa-mir-193a,31560016,31560037,+	280.4700862560462	70.35281230561672
hsa-miR-5100	3	1085	1085	277.15	69.52	10:hsa;hsa-mir-5100,42997630,42997651,+	277.14940217469047	69.51985551147007
hsa-miR-185-5p	23	1084	1084	276.89	69.46	22:hsa;hsa-mir-185,20033153,20033174,+	276.8939649376631	69.45578191192033
hsa-miR-874-3p	23	1055	1055	269.49	67.6	5:hsa;hsa-mir-874,137647618,137647639,-	269.48628506386956	67.59764752497782
hsa-miR-28-5p	16	1048	1048	267.7	67.15	3:hsa;hsa-mir-28,188688794,188688815,+	267.698224404678	67.14913232812962
hsa-miR-151b	15	1045	530	266.93	66.96	14:hsa;hsa-mir-151b,100109478,100109495,-	135.38173562450316	33.95900776136326
hsa-miR-888-5p	18	1020	1020	260.55	65.36	X:hsa;hsa-mir-888,145994794,145994814,-	260.54598176791177	65.35507154073684
hsa-miR-664a-3p	20	1014	1014	259.01	64.97	1:hsa;hsa-mir-664a,220200586,220200608,-	259.0133583457476	64.9706299434384
hsa-miR-135b-5p	18	965	964.33	246.5	61.83	1:hsa;hsa-mir-135b,205448317,205448339,-	246.32664224005515	61.78830783246787
hsa-let-7a-3p	22	956	478	244.2	61.25	9:hsa;hsa-let-7a-1,94176013,94176033,+	122.09899929908022	30.627180584776678
hsa-let-7a-3p	22	956	478	244.2	61.25	22:hsa;hsa-let-7a-3,46112800,46112820,+	122.09899929908022	30.627180584776678
hsa-miR-10b-3p	26	925	925	236.28	59.27	2:hsa;hsa-mir-10b,176150368,176150389,+	236.27944425031214	59.26807958351135
hsa-miR-20a-5p	18	915	914.33	233.73	58.63	13:hsa;hsa-mir-20a,91351072,91351094,+	233.55478038868694	58.58462785498077
hsa-miR-615-3p	21	908	908	231.94	58.18	12:hsa;hsa-mir-615,54034010,54034031,+	231.93701122084695	58.17882839116574
hsa-miR-148b-3p	20	880	879.5	224.78	56.38	12:hsa;hsa-mir-148b,54337278,54337299,+	224.65704996556707	56.35273080399809
hsa-miR-181a-2-3p	21	864	864	220.7	55.36	9:hsa;hsa-mir-181a-2,124692518,124692539,+	220.6977727916429	55.359590010977094
hsa-let-7b-3p	16	838	837.5	214.06	53.69	22:hsa;hsa-let-7b,46113745,46113766,+	213.92868601041775	53.66163962290893
hsa-miR-501-5p	18	820	820	209.46	52.54	X:hsa;hsa-mir-501,50009735,50009756,+	209.45853436243888	52.54035163078844
hsa-miR-345-5p	16	773	773	197.45	49.53	14:hsa;hsa-mir-345,100307876,100307897,+	197.45298422215274	49.52889245195057
hsa-miR-877-5p	19	695	695	177.53	44.53	6:hsa;hsa-mir-877,30584332,30584351,+	177.52887973401832	44.53115168707069
hsa-miR-29c-5p	18	687	687	175.49	44.02	1:hsa;hsa-mir-29c,207801867,207801888,-	175.4853818377994	44.018562890672754
hsa-miR-363-3p	19	663	663	169.35	42.48	X:hsa;hsa-mir-363,134169427,134169448,-	169.35488814914265	42.48079650147895
hsa-miR-224-5p	8	659	659	168.33	42.22	X:hsa;hsa-mir-224,151958584,151958608,-	168.3331392010332	42.22450210327998
hsa-miR-1307-3p	20	633	633	161.69	40.56	10:hsa;hsa-mir-1307,103394332,103394353,-	161.69177103832172	40.55858851498669
hsa-miR-598-3p	9	609	609	155.56	39.02	8:hsa;hsa-mir-598,11035266,11035287,-	155.56127734966498	39.02082212579288
hsa-miR-200a-5p	12	587	587	149.94	37.61	1:hsa;hsa-mir-200a,1167878,1167899,+	149.94165813506297	37.61120293569856
hsa-miR-324-3p	12	585	585	149.43	37.48	17:hsa;hsa-mir-324,7223346,7223368,-	149.43078366100823	37.48305573659907
hsa-miR-99b-3p	21	583	583	148.92	37.35	19:hsa;hsa-mir-99b,51692656,51692677,+	148.9199091869535	37.35490853749959
hsa-miR-218-5p	11	575	287.5	146.88	36.84	4:hsa;hsa-mir-218-1,20528299,20528319,+	73.43820564536729	18.421159870550827
hsa-miR-218-5p	11	575	287.5	146.88	36.84	5:hsa;hsa-mir-218-2,168768170,168768190,-	73.43820564536729	18.421159870550827
hsa-miR-331-3p	19	566	566	144.58	36.27	12:hsa;hsa-mir-331,95308480,95308500,+	144.5774761574883	36.265657345153976
hsa-miR-106b-3p	14	562	562	143.56	36.01	7:hsa;hsa-mir-106b,100094044,100094065,-	143.55572720937883	36.00936294695501
hsa-miR-1301-3p	22	545	545	139.21	34.92	2:hsa;hsa-mir-1301,25328687,25328710,-	139.21329417991365	34.920111754609394
hsa-miR-340-3p	12	533	533	136.15	34.15	5:hsa;hsa-mir-340,180015360,180015381,-	136.14804733558526	34.15122856001249
hsa-miR-3615	15	515	515	131.55	33	17:hsa;hsa-mir-3615,74748663,74748683,+	131.5501770690927	32.99790376811713
hsa-miR-17-5p	12	497	478.83	126.95	31.84	13:hsa;hsa-mir-17,91350618,91350640,+	122.31186366326969	30.680575251068127
hsa-miR-503-5p	12	494	494	126.19	31.65	X:hsa;hsa-mir-503,134546333,134546355,-	126.18599509151805	31.652358177572548
hsa-miR-34a-5p	12	486	486	124.14	31.14	1:hsa;hsa-mir-34a,9151689,9151710,-	124.14249719529914	31.139769381174613
hsa-miR-335-3p	9	471	471	120.31	30.18	7:hsa;hsa-mir-335,130496162,130496183,+	120.31093863988868	30.178665387928483
hsa-miR-149-5p	17	457	457	116.73	29.28	2:hsa;hsa-mir-149,240456015,240456037,+	116.73481732150557	29.281634994232096
hsa-miR-9-3p	11	444	148	113.41	28.45	15:hsa;hsa-mir-9-3,89368071,89368092,+	37.804711080049955	9.48289273336182
hsa-miR-9-3p	11	444	148	113.41	28.45	5:hsa;hsa-mir-9-2,88666905,88666926,-	37.804711080049955	9.48289273336182
hsa-miR-9-3p	11	444	148	113.41	28.45	1:hsa;hsa-mir-9-1,156420395,156420416,-	37.804711080049955	9.48289273336182
hsa-miR-29b-3p	12	431	201.67	110.09	27.62	1:hsa;hsa-mir-29b-2,207802494,207802516,-	51.51317613385184	12.921509242531306
hsa-miR-29b-3p	12	431	201.67	110.09	27.62	7:hsa;hsa-mir-29b-1,130877509,130877531,-	51.51317613385184	12.921509242531306
hsa-miR-106b-5p	8	401	401	102.43	25.69	7:hsa;hsa-mir-106b,100094004,100094024,-	102.43033204797315	25.693513419446543
hsa-miR-19b-3p	8	391	195.5	99.88	25.05	13:hsa;hsa-mir-19b-1,91351245,91351267,+	49.937979838849756	12.526388711974562
hsa-miR-19b-3p	8	391	195.5	99.88	25.05	X:hsa;hsa-mir-19b-2,134169732,134169754,-	49.937979838849756	12.526388711974562
hsa-miR-16-2-3p	15	379	379	96.81	24.28	3:hsa;hsa-mir-16-2,160404797,160404818,+	96.81071283337114	24.28389422935222
hsa-miR-489-3p	14	376	376	96.04	24.09	7:hsa;hsa-mir-489,93483987,93484008,-	96.04440112228905	24.091673430702993
hsa-miR-320d	15	371	136.26	94.77	23.77	13:hsa;hsa-mir-320d-1,40727857,40727875,-	34.80636446446683	8.73079071959937
hsa-miR-130b-5p	14	367	367	93.75	23.52	22:hsa;hsa-mir-130b,21653316,21653336,+	93.74546598904277	23.515011034755315
hsa-miR-320d	8	361	127.43	92.21	23.13	X:hsa;hsa-mir-320d-2,140926201,140926219,-	32.550002204058444	8.164807256909981
hsa-miR-628-3p	14	330	330	84.29	21.14	15:hsa;hsa-mir-628,55373000,55373020,-	84.29428821903028	21.144287851414862
hsa-miR-664a-5p	11	321	321	82	20.57	1:hsa;hsa-mir-664a,220200548,220200571,-	81.995353085784	20.567625455467184
hsa-miR-340-5p	7	320	320	81.74	20.5	5:hsa;hsa-mir-340,180015318,180015339,-	81.73991584875664	20.50355185591744
hsa-miR-135a-2-3p	8	317	317	80.97	20.31	12:hsa;hsa-mir-135a-2,97563872,97563893,+	80.97360413767454	20.311331057268216
hsa-miR-374a-5p	8	316	315.5	80.72	20.25	X:hsa;hsa-mir-374a,74287297,74287318,-	80.5904482821335	20.2152206579436
hsa-miR-330-3p	10	316	316	80.72	20.25	19:hsa;hsa-mir-330,45639050,45639072,-	80.71816690064718	20.247257457718472
hsa-miR-193b-3p	11	289	289	73.82	18.52	16:hsa;hsa-mir-193b,14304017,14304038,+	73.82136150090834	18.51727026987544
hsa-miR-2110	7	283	283	72.29	18.13	10:hsa;hsa-mir-2110,114174112,114174133,-	72.28873807874415	18.132828672576988
hsa-miR-184	7	278	278	71.01	17.81	15:hsa;hsa-mir-184,79209840,79209861,+	71.01155189360733	17.812460674828277
hsa-miR-125a-3p	9	275	275	70.25	17.62	19:hsa;hsa-mir-125a,51693306,51693327,+	70.24524018252524	17.620239876179053
hsa-miR-450a-5p	3	275	137.5	70.25	17.62	X:hsa;hsa-mir-450a-2,134540530,134540551,-	35.12262009126262	8.810119938089526
hsa-miR-450a-5p	3	275	137.5	70.25	17.62	X:hsa;hsa-mir-450a-1,134540358,134540379,-	35.12262009126262	8.810119938089526
hsa-miR-504-5p	10	262	262	66.92	16.79	X:hsa;hsa-mir-504,138667723,138667744,-	66.9245561011695	16.787283082032406
hsa-miR-190a-5p	7	250	250	63.86	16.02	15:hsa;hsa-mir-190a,62823971,62823992,+	63.85930925684112	16.0183998874355
hsa-miR-450b-5p	2	248	248	63.35	15.89	X:hsa;hsa-mir-450b,134540195,134540216,-	63.34843478278639	15.890252688336016
hsa-miR-1306-5p	8	243	243	62.07	15.57	22:hsa;hsa-mir-1306,20086072,20086093,+	62.07124859764957	15.569884690587307
hsa-miR-584-5p	6	238	238	60.79	15.25	5:hsa;hsa-mir-584,149062328,149062349,-	60.79406241251275	15.249516692838597
hsa-miR-15a-5p	5	235	235	60.03	15.06	13:hsa;hsa-mir-15a,50049132,50049153,-	60.027750701430655	15.057295894189371
hsa-miR-339-3p	10	228	228	58.24	14.61	7:hsa;hsa-mir-339,1022982,1023004,-	58.239690042239104	14.608780697341176
hsa-miR-425-3p	8	221	221	56.45	14.16	3:hsa;hsa-mir-425,49020202,49020223,-	56.45162938304755	14.160265500492983
hsa-miR-941	7	220	12.94	56.2	14.1	20:hsa;hsa-mir-941-3,63919914,63919936,+	3.305658361530599	0.8291877588790141
hsa-miR-941	7	220	12.94	56.2	14.1	20:hsa;hsa-mir-941-4,63919802,63919824,+	3.305658361530599	0.8291877588790141
hsa-miR-941	7	220	12.94	56.2	14.1	20:hsa;hsa-mir-941-4,63919551,63919573,+	3.305658361530599	0.8291877588790141
hsa-miR-941	7	220	12.94	56.2	14.1	20:hsa;hsa-mir-941-1,63919495,63919517,+	3.305658361530599	0.8291877588790141
hsa-miR-941	7	220	12.94	56.2	14.1	20:hsa;hsa-mir-941-5,63919914,63919936,+	3.305658361530599	0.8291877588790141
hsa-miR-941	7	220	12.94	56.2	14.1	20:hsa;hsa-mir-941-5,63919607,63919629,+	3.305658361530599	0.8291877588790141
hsa-miR-941	7	220	12.94	56.2	14.1	20:hsa;hsa-mir-941-2,63919802,63919824,+	3.305658361530599	0.8291877588790141
hsa-miR-941	7	220	12.94	56.2	14.1	20:hsa;hsa-mir-941-5,63919802,63919824,+	3.305658361530599	0.8291877588790141
hsa-miR-941	7	220	12.94	56.2	14.1	20:hsa;hsa-mir-941-2,63919607,63919629,+	3.305658361530599	0.8291877588790141
hsa-miR-941	7	220	12.94	56.2	14.1	20:hsa;hsa-mir-941-2,63919914,63919936,+	3.305658361530599	0.8291877588790141
hsa-miR-941	7	220	12.94	56.2	14.1	20:hsa;hsa-mir-941-5,63919551,63919573,+	3.305658361530599	0.8291877588790141
hsa-miR-941	7	220	12.94	56.2	14.1	20:hsa;hsa-mir-941-3,63919607,63919629,+	3.305658361530599	0.8291877588790141
hsa-miR-941	7	220	12.94	56.2	14.1	20:hsa;hsa-mir-941-4,63919914,63919936,+	3.305658361530599	0.8291877588790141
hsa-miR-941	7	220	12.94	56.2	14.1	20:hsa;hsa-mir-941-3,63919802,63919824,+	3.305658361530599	0.8291877588790141
hsa-miR-941	7	220	12.94	56.2	14.1	20:hsa;hsa-mir-941-2,63919551,63919573,+	3.305658361530599	0.8291877588790141
hsa-miR-941	7	220	12.94	56.2	14.1	20:hsa;hsa-mir-941-4,63919607,63919629,+	3.305658361530599	0.8291877588790141
hsa-miR-941	7	220	12.94	56.2	14.1	20:hsa;hsa-mir-941-3,63919551,63919573,+	3.305658361530599	0.8291877588790141
hsa-miR-625-3p	12	217	217	55.43	13.9	14:hsa;hsa-mir-625,65471153,65471174,+	55.42988043493809	13.903971102294015
hsa-miR-365b-3p	7	217	108.5	55.43	13.9	17:hsa;hsa-mir-365b,31575478,31575499,+	27.714940217469046	6.951985551147008
hsa-miR-365a-3p	7	217	108.5	55.43	13.9	16:hsa;hsa-mir-365a,14309340,14309361,+	27.714940217469046	6.951985551147008
hsa-miR-146a-5p	7	213	213	54.41	13.65	5:hsa;hsa-mir-146a,160485372,160485393,+	54.40813148682864	13.647676704095046
hsa-miR-378g	2	210	210	53.64	13.46	1:hsa;hsa-mir-378g,94745861,94745880,-	53.64181977574654	13.45545590544582
hsa-miR-3173-5p	7	203	203	51.85	13.01	14:hsa;hsa-mir-3173,95137923,95137944,-	51.85375911655499	13.006940708597627
hsa-miR-421	7	202	202	51.6	12.94	X:hsa;hsa-mir-421,74218424,74218446,-	51.598321879527624	12.942867109047885
hsa-miR-1307-5p	5	197	197	50.32	12.62	10:hsa;hsa-mir-1307,103394293,103394313,-	50.321135694390804	12.622499111299174
hsa-miR-132-3p	5	197	197	50.32	12.62	17:hsa;hsa-mir-132,2049966,2049987,-	50.321135694390804	12.622499111299174
hsa-miR-409-3p	10	196	196	50.07	12.56	14:hsa;hsa-mir-409,101065346,101065367,+	50.06569845736344	12.558425511749432
hsa-miR-4443	2	193	193	49.3	12.37	3:hsa;hsa-mir-4443,48196572,48196588,+	49.29938674628134	12.366204713100206
hsa-miR-194-3p	9	192	192	49.04	12.3	11:hsa;hsa-mir-194-2,64891405,64891426,-	49.043949509253984	12.302131113550464
hsa-miR-454-3p	8	187	187	47.77	11.98	17:hsa;hsa-mir-454,59137821,59137843,-	47.76676332411716	11.981763115801755
hsa-miR-27b-5p	6	181	181	46.23	11.6	9:hsa;hsa-mir-27b,95085463,95085484,+	46.23413990195297	11.597321518503303
hsa-miR-15b-3p	5	180	180	45.98	11.53	3:hsa;hsa-mir-15b,160404645,160404666,+	45.978702664925606	11.533247918953561
hsa-miR-934	7	180	180	45.98	11.53	X:hsa;hsa-mir-934,136550892,136550913,+	45.978702664925606	11.533247918953561
hsa-miR-500b-5p	9	168	84	42.91	10.76	X:hsa;hsa-mir-500b,50010682,50010699,+	21.456727910298618	5.3821823621783285
hsa-miR-500a-5p	9	168	84	42.91	10.76	X:hsa;hsa-mir-500a,50008443,50008465,+	21.456727910298618	5.3821823621783285
hsa-miR-224-3p	4	157	157	40.1	10.06	X:hsa;hsa-mir-224,151958630,151958652,-	40.10364621329622	10.059555129309494
hsa-miR-362-3p	3	157	157	40.1	10.06	X:hsa;hsa-mir-362,50009005,50009026,+	40.10364621329622	10.059555129309494
hsa-miR-432-5p	7	156	156	39.85	10	14:hsa;hsa-mir-432,100884496,100884518,+	39.84820897626886	9.995481529759752
hsa-miR-296-3p	5	154	154	39.34	9.87	20:hsa;hsa-mir-296,58817662,58817683,-	39.337334502214134	9.867334330660269
hsa-miR-671-5p	3	152	152	38.83	9.74	7:hsa;hsa-mir-671,151238449,151238471,+	38.8264600281594	9.739187131560785
hsa-miR-187-3p	10	144	144	36.78	9.23	18:hsa;hsa-mir-187,35904888,35904909,-	36.78296213194049	9.226598335162848
hsa-miR-129-5p	4	141	70.5	36.02	9.03	7:hsa;hsa-mir-129-1,128207876,128207896,+	18.008325210429195	4.517188768256811
hsa-miR-129-5p	4	141	70.5	36.02	9.03	11:hsa;hsa-mir-129-2,43581408,43581428,+	18.008325210429195	4.517188768256811
hsa-miR-892a	2	138	138	35.25	8.84	X:hsa;hsa-mir-892a,145996713,145996733,-	35.2503387097763	8.842156737864396
hsa-miR-221-5p	5	138	138	35.25	8.84	X:hsa;hsa-mir-221,45746181,45746202,-	35.2503387097763	8.842156737864396
hsa-miR-331-5p	8	137	137	34.99	8.78	12:hsa;hsa-mir-331,95308445,95308466,+	34.994901472748936	8.778083138314654
hsa-miR-320e	7	136	134.83	34.74	8.71	19:hsa;hsa-mir-320e,46709325,46709342,-	34.44145412585632	8.63925700595688
hsa-miR-10401-3p	4	135	33.75	34.48	8.65	21:hsa;hsa-mir-10401,8433832,8433852,+	8.621006749673551	2.1624839848037927
hsa-miR-10401-3p	4	135	33.75	34.48	8.65	21:hsa;hsa-mir-10401,8389645,8389665,+	8.621006749673551	2.1624839848037927
hsa-miR-10401-3p	4	135	33.75	34.48	8.65	21:hsa;hsa-mir-10401,8206598,8206618,+	8.621006749673551	2.1624839848037927
hsa-miR-10401-3p	4	135	33.75	34.48	8.65	21:hsa;hsa-mir-10401,8250807,8250827,+	8.621006749673551	2.1624839848037927
hsa-miR-7-5p	1	133	44.33	33.97	8.52	19:hsa;hsa-mir-7-3,4770700,4770723,+	11.324384174879826	2.840596246705229
hsa-miR-7-5p	1	133	44.33	33.97	8.52	9:hsa;hsa-mir-7-1,83969771,83969794,-	11.324384174879826	2.840596246705229
hsa-miR-7-5p	1	133	44.33	33.97	8.52	15:hsa;hsa-mir-7-2,88611856,88611879,+	11.324384174879826	2.840596246705229
hsa-miR-769-5p	3	132	132	33.72	8.46	19:hsa;hsa-mir-769,46018961,46018982,+	33.717715287612116	8.457715140565945
hsa-miR-92b-5p	3	131	131	33.46	8.39	1:hsa;hsa-mir-92b,155195196,155195217,+	33.46227805058475	8.393641541016203
hsa-miR-3065-5p	2	130	130	33.21	8.33	17:hsa;hsa-mir-3065,81125886,81125908,+	33.206840813557385	8.329567941466461
hsa-let-7e-3p	4	126	126	32.19	8.07	19:hsa;hsa-let-7e,51692838,51692859,+	32.18509186544792	8.073273543267492
hsa-miR-138-5p	8	121	121	30.91	7.75	3:hsa;hsa-mir-138-1,44114234,44114256,+	30.907905680311103	7.752905545518782
hsa-miR-744-5p	6	121	121	30.91	7.75	17:hsa;hsa-mir-744,12081909,12081930,+	30.907905680311103	7.752905545518782
hsa-miR-486-5p	7	121	63	30.91	7.75	8:hsa;hsa-mir-486-2,41660444,41660465,+	16.09254593272396	4.036636771633746
hsa-miR-155-5p	8	116	116	29.63	7.43	21:hsa;hsa-mir-155,25573983,25574006,+	29.63071949517428	7.432537547770073
hsa-miR-486-5p	5	116	58	29.63	7.43	8:hsa;hsa-mir-486-1,41660444,41660465,-	14.81535974758714	3.7162687738850364
hsa-miR-187-5p	5	116	116	29.63	7.43	18:hsa;hsa-mir-187,35904852,35904873,-	29.63071949517428	7.432537547770073
hsa-miR-126-3p	6	116	116	29.63	7.43	9:hsa;hsa-mir-126,136670653,136670674,+	29.63071949517428	7.432537547770073
hsa-miR-30d-3p	7	115	115	29.38	7.37	8:hsa;hsa-mir-30d,134804921,134804942,-	29.375282258146918	7.36846394822033
hsa-miR-26b-3p	7	113	113	28.86	7.24	2:hsa;hsa-mir-26b,218402692,218402712,+	28.864407784092187	7.240316749120846
hsa-miR-30b-3p	1	111	111	28.35	7.11	8:hsa;hsa-mir-30b,134800574,134800595,-	28.35353331003746	7.112169550021362
hsa-miR-449a	3	110	110	28.1	7.05	5:hsa;hsa-mir-449a,55170547,55170568,-	28.098096073010094	7.0480959504716205
hsa-miR-1468-5p	4	109	109	27.84	6.98	X:hsa;hsa-mir-1468,63786014,63786034,-	27.84265883598273	6.984022350921879
hsa-miR-590-3p	2	108	108	27.59	6.92	7:hsa;hsa-mir-590,74191253,74191273,+	27.587221598955363	6.919948751372137
hsa-let-7c-3p	4	106	106	27.08	6.79	21:hsa;hsa-let-7c,16539883,16539904,+	27.076347124900636	6.791801552272652
hsa-miR-143-3p	3	106	106	27.08	6.79	5:hsa;hsa-mir-143,149428978,149428998,+	27.076347124900636	6.791801552272652
hsa-miR-378a-5p	6	104	104	26.57	6.66	5:hsa;hsa-mir-378a,149732829,149732850,+	26.565472650845905	6.663654353173168
hsa-miR-223-3p	2	102	102	26.05	6.54	X:hsa;hsa-mir-223,66018937,66018958,+	26.054598176791178	6.535507154073684
hsa-miR-708-5p	2	102	102	26.05	6.54	11:hsa;hsa-mir-708,79402032,79402054,-	26.054598176791178	6.535507154073684
hsa-miR-582-5p	3	99	99	25.29	6.34	5:hsa;hsa-mir-582,59703621,59703643,-	25.288286465709085	6.343286355424459
hsa-miR-193b-5p	3	98	98	25.03	6.28	16:hsa;hsa-mir-193b,14303980,14304001,+	25.03284922868172	6.279212755874716
hsa-miR-181d-5p	8	97	96.33	24.78	6.22	19:hsa;hsa-mir-181d,13874910,13874932,+	24.607120500302777	6.1724234232918125
hsa-miR-885-5p	2	94	94	24.01	6.02	3:hsa;hsa-mir-885,10394499,10394520,-	24.01110028057226	6.022918357675748
hsa-miR-6734-5p	3	94	94	24.01	6.02	1:hsa;hsa-mir-6734,43364653,43364675,-	24.01110028057226	6.022918357675748
hsa-miR-210-5p	4	86	86	21.97	5.51	11:hsa;hsa-mir-210,568116,568137,-	21.967602384353345	5.510329561277812
hsa-miR-513b-5p	1	85	85	21.71	5.45	X:hsa;hsa-mir-513b,147199057,147199078,-	21.712165147325983	5.44625596172807
hsa-miR-6511a-3p	4	83	5.19	21.2	5.32	16:hsa;hsa-mir-6511a-3,16368919,16368940,+	1.3250806670794533	0.33238179766428666
hsa-miR-6511a-3p	4	83	5.19	21.2	5.32	16:hsa;hsa-mir-6511a-4,16368919,16368940,+	1.3250806670794533	0.33238179766428666
hsa-miR-6511a-3p	4	83	5.19	21.2	5.32	16:hsa;hsa-mir-6511a-1,14925980,14926001,+	1.3250806670794533	0.33238179766428666
hsa-miR-6511a-3p	4	83	5.19	21.2	5.32	16:hsa;hsa-mir-6511a-2,18344056,18344077,-	1.3250806670794533	0.33238179766428666
hsa-miR-6511a-3p	4	83	5.19	21.2	5.32	16:hsa;hsa-mir-6511a-3,18344056,18344077,-	1.3250806670794533	0.33238179766428666
hsa-miR-6511a-3p	4	83	5.19	21.2	5.32	16:hsa;hsa-mir-6511a-3,14925980,14926001,+	1.3250806670794533	0.33238179766428666
hsa-miR-6511a-3p	4	83	5.19	21.2	5.32	16:hsa;hsa-mir-6511a-2,14925980,14926001,+	1.3250806670794533	0.33238179766428666
hsa-miR-6511a-3p	4	83	5.19	21.2	5.32	16:hsa;hsa-mir-6511a-4,14925980,14926001,+	1.3250806670794533	0.33238179766428666
hsa-miR-6511a-3p	4	83	5.19	21.2	5.32	16:hsa;hsa-mir-6511a-4,16324631,16324652,+	1.3250806670794533	0.33238179766428666
hsa-miR-6511a-3p	4	83	5.19	21.2	5.32	16:hsa;hsa-mir-6511a-1,18344056,18344077,-	1.3250806670794533	0.33238179766428666
hsa-miR-6511a-3p	4	83	5.19	21.2	5.32	16:hsa;hsa-mir-6511a-1,16368919,16368940,+	1.3250806670794533	0.33238179766428666
hsa-miR-6511a-3p	4	83	5.19	21.2	5.32	16:hsa;hsa-mir-6511a-2,16324631,16324652,+	1.3250806670794533	0.33238179766428666
hsa-miR-6511a-3p	4	83	5.19	21.2	5.32	16:hsa;hsa-mir-6511a-1,16324631,16324652,+	1.3250806670794533	0.33238179766428666
hsa-miR-6511a-3p	4	83	5.19	21.2	5.32	16:hsa;hsa-mir-6511a-2,16368919,16368940,+	1.3250806670794533	0.33238179766428666
hsa-miR-6511a-3p	4	83	5.19	21.2	5.32	16:hsa;hsa-mir-6511a-3,16324631,16324652,+	1.3250806670794533	0.33238179766428666
hsa-miR-6511a-3p	4	83	5.19	21.2	5.32	16:hsa;hsa-mir-6511a-4,18344056,18344077,-	1.3250806670794533	0.33238179766428666
hsa-miR-1-3p	3	81	40.5	20.69	5.19	18:hsa;hsa-mir-1-2,21829056,21829077,-	10.345208099608262	2.594980781764551
hsa-miR-1-3p	3	81	40.5	20.69	5.19	20:hsa;hsa-mir-1-1,62554351,62554372,+	10.345208099608262	2.594980781764551
hsa-miR-23b-5p	2	81	81	20.69	5.19	9:hsa;hsa-mir-23b,95085227,95085248,+	20.690416199216525	5.189961563529102
hsa-miR-4640-3p	3	80	80	20.43	5.13	6:hsa;hsa-mir-4640,30890949,30890970,+	20.43497896218916	5.12588796397936
hsa-miR-106a-5p	3	79	60.83	20.18	5.06	X:hsa;hsa-mir-106a,134170210,134170232,-	15.53909858583134	3.897810639275972
hsa-miR-494-3p	3	79	79	20.18	5.06	14:hsa;hsa-mir-494,101029681,101029702,+	20.179541725161794	5.061814364429618
hsa-miR-24-1-5p	3	78	78	19.92	5	9:hsa;hsa-mir-24-1,95086027,95086048,+	19.92410448813443	4.997740764879876
hsa-miR-29b-2-5p	5	77	77	19.67	4.93	1:hsa;hsa-mir-29b-2,207802453,207802474,-	19.668667251107067	4.933667165330134
hsa-miR-10527-5p	4	76	76	19.41	4.87	12:hsa;hsa-mir-10527,63823663,63823685,+	19.4132300140797	4.869593565780392
hsa-miR-4728-3p	3	73	73	18.65	4.68	17:hsa;hsa-mir-4728,39726537,39726561,+	18.64691830299761	4.677372767131167
hsa-miR-3605-3p	2	71	71	18.14	4.55	1:hsa;hsa-mir-3605,33332458,33332480,-	18.136043828942878	4.549225568031682
hsa-miR-4695-5p	4	71	71	18.14	4.55	1:hsa;hsa-mir-4695,18883206,18883227,-	18.136043828942878	4.549225568031682
hsa-miR-654-3p	2	71	71	18.14	4.55	14:hsa;hsa-mir-654,101040269,101040290,+	18.136043828942878	4.549225568031682
hsa-miR-139-5p	3	71	71	18.14	4.55	11:hsa;hsa-mir-139,72615069,72615091,-	18.136043828942878	4.549225568031682
hsa-miR-20b-5p	3	70	70	17.88	4.49	X:hsa;hsa-mir-20b,134169814,134169836,-	17.880606591915512	4.48515196848194
hsa-miR-589-5p	3	70	70	17.88	4.49	7:hsa;hsa-mir-589,5495842,5495863,-	17.880606591915512	4.48515196848194
hsa-miR-618	1	70	70	17.88	4.49	12:hsa;hsa-mir-618,80935751,80935773,-	17.880606591915512	4.48515196848194
hsa-miR-577	1	68	68	17.37	4.36	4:hsa;hsa-mir-577,114656774,114656794,+	17.369732117860785	4.357004769382456
hsa-miR-942-5p	1	66	66	16.86	4.23	1:hsa;hsa-mir-942,117094655,117094676,+	16.858857643806058	4.2288575702829725
hsa-miR-127-3p	2	66	66	16.86	4.23	14:hsa;hsa-mir-127,100883035,100883056,+	16.858857643806058	4.2288575702829725
hsa-miR-181c-3p	2	65	65	16.6	4.16	19:hsa;hsa-mir-181c,13874763,13874784,+	16.603420406778692	4.164783970733231
hsa-miR-206	3	64	64	16.35	4.1	6:hsa;hsa-mir-206,52144401,52144422,+	16.347983169751327	4.100710371183488
hsa-miR-379-5p	5	63	63	16.09	4.04	14:hsa;hsa-mir-379,101022071,101022091,+	16.09254593272396	4.036636771633746
hsa-miR-92a-1-5p	1	63	63	16.09	4.04	13:hsa;hsa-mir-92a-1,91351324,91351346,+	16.09254593272396	4.036636771633746
hsa-miR-212-5p	2	61	61	15.58	3.91	17:hsa;hsa-mir-212,2050301,2050323,-	15.581671458669234	3.908489572534262
hsa-miR-3613-5p	5	61	61	15.58	3.91	13:hsa;hsa-mir-3613,49996430,49996451,-	15.581671458669234	3.908489572534262
hsa-miR-1296-5p	2	61	61	15.58	3.91	10:hsa;hsa-mir-1296,63372972,63372993,-	15.581671458669234	3.908489572534262
hsa-miR-668-3p	1	60	60	15.33	3.84	14:hsa;hsa-mir-668,101055300,101055322,+	15.326234221641869	3.84441597298452
hsa-miR-4484	1	60	60	15.33	3.84	10:hsa;hsa-mir-4484,125819803,125819822,+	15.326234221641869	3.84441597298452
hsa-miR-148a-5p	3	60	60	15.33	3.84	7:hsa;hsa-mir-148a,25949924,25949945,-	15.326234221641869	3.84441597298452
hsa-miR-4538	1	59	59	15.07	3.78	14:hsa;hsa-mir-4538,105858165,105858186,-	15.070796984614505	3.7803423734347783
hsa-miR-653-5p	3	59	59	15.07	3.78	7:hsa;hsa-mir-653,93482772,93482792,-	15.070796984614505	3.7803423734347783
hsa-miR-365a-5p	2	59	59	15.07	3.78	16:hsa;hsa-mir-365a,14309300,14309322,+	15.070796984614505	3.7803423734347783
hsa-miR-4705	1	58	58	14.82	3.72	13:hsa;hsa-mir-4705,102045943,102045964,-	14.81535974758714	3.7162687738850364
hsa-miR-217-5p	2	58	58	14.82	3.72	2:hsa;hsa-mir-217,55983001,55983023,-	14.81535974758714	3.7162687738850364
hsa-miR-3074-5p	1	56	56	14.3	3.59	9:hsa;hsa-mir-3074,95086025,95086045,-	14.30448527353241	3.588121574785552
hsa-miR-7113-5p	1	56	56	14.3	3.59	11:hsa;hsa-mir-7113,68032865,68032885,+	14.30448527353241	3.588121574785552
hsa-miR-708-3p	3	54	54	13.79	3.46	11:hsa;hsa-mir-708,79402078,79402099,-	13.793610799477682	3.4599743756860684
hsa-miR-323b-3p	1	54	54	13.79	3.46	14:hsa;hsa-mir-323b,101056269,101056290,+	13.793610799477682	3.4599743756860684
hsa-miR-199b-5p	2	54	54	13.79	3.46	9:hsa;hsa-mir-199b,128244746,128244768,-	13.793610799477682	3.4599743756860684
hsa-miR-338-5p	2	54	54	13.79	3.46	17:hsa;hsa-mir-338,81125888,81125909,-	13.793610799477682	3.4599743756860684
hsa-miR-585-3p	1	53	53	13.54	3.4	5:hsa;hsa-mir-585,169263661,169263679,-	13.538173562450318	3.395900776136326
hsa-miR-7706	3	52	52	13.28	3.33	15:hsa;hsa-mir-7706,85380639,85380662,+	13.282736325422952	3.331827176586584
hsa-miR-4667-5p	1	52	52	13.28	3.33	9:hsa;hsa-mir-4667,35608096,35608117,+	13.282736325422952	3.331827176586584
hsa-miR-5588-5p	3	52	52	13.28	3.33	3:hsa;hsa-mir-5588,185253210,185253230,-	13.282736325422952	3.331827176586584
hsa-miR-188-5p	2	52	52	13.28	3.33	X:hsa;hsa-mir-188,50003517,50003537,+	13.282736325422952	3.331827176586584
hsa-miR-760	5	50	50	12.77	3.2	1:hsa;hsa-mir-760,93846880,93846899,+	12.771861851368225	3.2036799774871003
hsa-miR-4662a-5p	3	49	49	12.52	3.14	8:hsa;hsa-mir-4662a,124821990,124822011,+	12.51642461434086	3.139606377937358
hsa-miR-24-2-5p	3	49	49	12.52	3.14	19:hsa;hsa-mir-24-2,13836299,13836320,-	12.51642461434086	3.139606377937358
hsa-miR-4497	1	49	49	12.52	3.14	12:hsa;hsa-mir-4497,109833350,109833366,+	12.51642461434086	3.139606377937358
hsa-miR-424-5p	5	48	48	12.26	3.08	X:hsa;hsa-mir-424,134546624,134546645,-	12.260987377313496	3.075532778387616
hsa-miR-9985	7	48	19.17	12.26	3.08	Y:hsa;hsa-mir-9985,4606140,4606158,+	4.89588037635782	1.2280773247033885
hsa-miR-6803-3p	1	47	47	12.01	3.01	19:hsa;hsa-mir-6803,55245229,55245250,-	12.00555014028613	3.011459178837874
hsa-miR-550a-5p	3	46	19.17	11.75	2.95	7:hsa;hsa-mir-550a-1,30289815,30289837,+	4.89588037635782	1.2280773247033885
hsa-miR-550a-5p	3	46	19.17	11.75	2.95	7:hsa;hsa-mir-550a-2,32733002,32733024,+	4.89588037635782	1.2280773247033885
hsa-miR-4326	4	45	45	11.49	2.88	20:hsa;hsa-mir-4326,63286818,63286837,+	11.494675666231402	2.8833119797383904
hsa-miR-5010-5p	1	43	43	10.98	2.76	17:hsa;hsa-mir-5010,42514208,42514229,+	10.983801192176673	2.755164780638906
hsa-miR-499a-5p	1	43	43	10.98	2.76	20:hsa;hsa-mir-499a,34990408,34990428,+	10.983801192176673	2.755164780638906
hsa-miR-9903	2	43	43	10.98	2.76	8:hsa;hsa-mir-9903,98393695,98393716,-	10.983801192176673	2.755164780638906
hsa-miR-196a-3p	1	42	42	10.73	2.69	12:hsa;hsa-mir-196a-2,53991799,53991820,+	10.728363955149309	2.6910911810891642
hsa-miR-6511b-3p	1	41	10.25	10.47	2.63	16:hsa;hsa-mir-6511b-2,15134122,15134144,-	2.618231679530486	0.6567543953848556
hsa-miR-6511b-3p	1	41	10.25	10.47	2.63	16:hsa;hsa-mir-6511b-1,15134118,15134140,-	2.618231679530486	0.6567543953848556
hsa-miR-6511b-3p	1	41	10.25	10.47	2.63	16:hsa;hsa-mir-6511b-1,2106721,2106743,-	2.618231679530486	0.6567543953848556
hsa-miR-6511b-3p	1	41	10.25	10.47	2.63	16:hsa;hsa-mir-6511b-2,2106725,2106747,-	2.618231679530486	0.6567543953848556
hsa-miR-605-5p	1	40	40	10.22	2.56	10:hsa;hsa-mir-605,51299588,51299610,+	10.21748948109458	2.56294398198968
hsa-miR-3960	1	38	38	9.71	2.43	9:hsa;hsa-mir-3960,127785879,127785898,+	9.70661500703985	2.434796782890196
hsa-miR-338-3p	1	38	38	9.71	2.43	17:hsa;hsa-mir-338,81125924,81125945,-	9.70661500703985	2.434796782890196
hsa-miR-6838-5p	1	37	37	9.45	2.37	7:hsa;hsa-mir-6838,44073383,44073404,-	9.451177770012485	2.3707231833404543
hsa-miR-1226-5p	1	36	36	9.2	2.31	3:hsa;hsa-mir-1226,47849555,47849580,+	9.195740532985122	2.306649583790712
hsa-miR-12125	1	36	36	9.2	2.31	5:hsa;hsa-mir-12125,168165895,168165916,+	9.195740532985122	2.306649583790712
hsa-miR-1249-3p	1	36	36	9.2	2.31	22:hsa;hsa-mir-1249,45200994,45201015,-	9.195740532985122	2.306649583790712
hsa-miR-1269b	1	34	34	8.68	2.18	17:hsa;hsa-mir-1269b,12917276,12917297,-	8.684866058930393	2.178502384691228
hsa-miR-376c-3p	1	34	34	8.68	2.18	14:hsa;hsa-mir-376c,101039732,101039752,+	8.684866058930393	2.178502384691228
hsa-miR-181a-3p	1	34	34	8.68	2.18	1:hsa;hsa-mir-181a-1,198859107,198859128,-	8.684866058930393	2.178502384691228
hsa-miR-181c-5p	2	33	33	8.43	2.11	19:hsa;hsa-mir-181c,13874725,13874746,+	8.429428821903029	2.1144287851414862
hsa-miR-3130-5p	2	32	16	8.17	2.05	2:hsa;hsa-mir-3130-2,206783246,206783266,+	4.086995792437832	1.025177592795872
hsa-miR-3130-5p	2	32	16	8.17	2.05	2:hsa;hsa-mir-3130-1,206783246,206783266,-	4.086995792437832	1.025177592795872
hsa-miR-26a-1-3p	1	32	32	8.17	2.05	3:hsa;hsa-mir-26a-1,37969452,37969473,+	8.173991584875663	2.050355185591744
hsa-miR-26a-2-3p	1	31	31	7.92	1.99	12:hsa;hsa-mir-26a-2,57824660,57824681,-	7.918554347848299	1.986281586042002
hsa-miR-629-5p	3	30	30	7.66	1.92	15:hsa;hsa-mir-629,70079393,70079413,-	7.663117110820934	1.92220798649226
hsa-miR-191-3p	1	30	30	7.66	1.92	3:hsa;hsa-mir-191,49020675,49020696,-	7.663117110820934	1.92220798649226
hsa-miR-6885-5p	1	29	29	7.41	1.86	19:hsa;hsa-mir-6885,6389643,6389667,-	7.40767987379357	1.8581343869425182
hsa-miR-653-3p	2	29	29	7.41	1.86	7:hsa;hsa-mir-653,93482810,93482831,-	7.40767987379357	1.8581343869425182
hsa-miR-514a-3p	4	29	5.8	7.41	1.86	X:hsa;hsa-mir-514a-3,147284694,147284714,-	1.4815359747587142	0.37162687738850364
hsa-miR-514a-3p	4	29	5.8	7.41	1.86	X:hsa;hsa-mir-514a-2,147281996,147282016,-	1.4815359747587142	0.37162687738850364
hsa-miR-22-5p	2	29	29	7.41	1.86	17:hsa;hsa-mir-22,1713917,1713938,-	7.40767987379357	1.8581343869425182
hsa-miR-514a-3p	4	29	5.8	7.41	1.86	X:hsa;hsa-mir-514a-3,147281996,147282016,-	1.4815359747587142	0.37162687738850364
hsa-miR-514a-3p	4	29	5.8	7.41	1.86	X:hsa;hsa-mir-514a-2,147284694,147284714,-	1.4815359747587142	0.37162687738850364
hsa-miR-514a-3p	4	29	5.8	7.41	1.86	X:hsa;hsa-mir-514a-1,147279305,147279325,-	1.4815359747587142	0.37162687738850364
hsa-miR-23c	7	28	27	7.15	1.79	X:hsa;hsa-mir-23c,20017153,20017174,-	6.896805399738841	1.7299871878430342
hsa-miR-4510	7	28	15	7.15	1.79	15:hsa;hsa-mir-4510,35926863,35926884,+	3.831558555410467	0.96110399324613
hsa-miR-874-5p	2	27	27	6.9	1.73	5:hsa;hsa-mir-874,137647581,137647603,-	6.896805399738841	1.7299871878430342
hsa-miR-769-3p	2	27	27	6.9	1.73	19:hsa;hsa-mir-769,46019000,46019022,+	6.896805399738841	1.7299871878430342
hsa-miR-4488	1	27	27	6.9	1.73	11:hsa;hsa-mir-4488,61508599,61508616,+	6.896805399738841	1.7299871878430342
hsa-miR-216a-3p	2	26	26	6.64	1.67	2:hsa;hsa-mir-216a,55989007,55989028,-	6.641368162711476	1.665913588293292
hsa-miR-495-3p	2	26	26	6.64	1.67	14:hsa;hsa-mir-495,101033804,101033825,+	6.641368162711476	1.665913588293292
hsa-miR-126-5p	1	26	26	6.64	1.67	9:hsa;hsa-mir-126,136670616,136670636,+	6.641368162711476	1.665913588293292
hsa-miR-296-5p	1	25	25	6.39	1.6	20:hsa;hsa-mir-296,58817628,58817648,-	6.385930925684113	1.6018399887435502
hsa-miR-98-3p	2	24	24	6.13	1.54	X:hsa;hsa-mir-98,53556302,53556323,-	6.130493688656748	1.537766389193808
hsa-miR-651-5p	3	23	23	5.88	1.47	X:hsa;hsa-mir-651,8126980,8127001,+	5.8750564516293835	1.4736927896440661
hsa-miR-550a-3-5p	1	23	7.67	5.88	1.47	7:hsa;hsa-mir-550a-3,29680754,29680773,-	1.9583521505431278	0.49123092988135536
hsa-miR-374b-3p	1	23	23	5.88	1.47	X:hsa;hsa-mir-374b,74218587,74218608,-	5.8750564516293835	1.4736927896440661
hsa-miR-140-5p	1	22	22	5.62	1.41	16:hsa;hsa-mir-140,69933103,69933124,+	5.619619214602019	1.409619190094324
hsa-miR-450a-2-3p	1	22	22	5.62	1.41	X:hsa;hsa-mir-450a-2,134540565,134540586,-	5.619619214602019	1.409619190094324
hsa-miR-542-3p	1	22	22	5.62	1.41	X:hsa;hsa-mir-542,134541393,134541414,-	5.619619214602019	1.409619190094324
hsa-miR-1271-5p	1	21	21	5.36	1.35	5:hsa;hsa-mir-1271,176367960,176367981,+	5.364181977574654	1.3455455905445821
hsa-miR-1262	1	21	21	5.36	1.35	1:hsa;hsa-mir-1262,68183531,68183552,-	5.364181977574654	1.3455455905445821
hsa-miR-486-3p	3	21	21	5.36	1.35	8:hsa;hsa-mir-486-1,41660486,41660506,-	5.364181977574654	1.3455455905445821
hsa-miR-211-5p	4	20	10	5.11	1.28	15:hsa;hsa-mir-211,31065057,31065078,-	2.554372370273645	0.64073599549742
hsa-miR-210-3p	2	20	20	5.11	1.28	11:hsa;hsa-mir-210,568154,568175,-	5.10874474054729	1.28147199099484
hsa-miR-134-5p	1	20	20	5.11	1.28	14:hsa;hsa-mir-134,101054694,101054715,+	5.10874474054729	1.28147199099484
hsa-miR-2115-3p	1	20	20	5.11	1.28	3:hsa;hsa-mir-2115,48316417,48316438,-	5.10874474054729	1.28147199099484
hsa-miR-642a-3p	1	19	19	4.85	1.22	19:hsa;hsa-mir-642a,45674978,45674999,+	4.853307503519925	1.217398391445098
hsa-miR-1304-5p	1	19	19	4.85	1.22	11:hsa;hsa-mir-1304,93733693,93733714,-	4.853307503519925	1.217398391445098
hsa-miR-629-3p	2	19	19	4.85	1.22	15:hsa;hsa-mir-629,70079432,70079453,-	4.853307503519925	1.217398391445098
hsa-miR-3157-5p	1	19	19	4.85	1.22	10:hsa;hsa-mir-3157,96064324,96064345,-	4.853307503519925	1.217398391445098
hsa-miR-21-3p	1	18	18	4.6	1.15	17:hsa;hsa-mir-21,59841311,59841331,+	4.597870266492561	1.153324791895356
hsa-miR-7-1-3p	2	18	18	4.6	1.15	9:hsa;hsa-mir-7-1,83969813,83969834,-	4.597870266492561	1.153324791895356
hsa-miR-7109-3p	2	18	18	4.6	1.15	22:hsa;hsa-mir-7109,31621504,31621525,-	4.597870266492561	1.153324791895356
hsa-miR-3196	1	18	18	4.6	1.15	20:hsa;hsa-mir-3196,63238788,63238805,+	4.597870266492561	1.153324791895356
hsa-miR-1270	1	17	17	4.34	1.09	19:hsa;hsa-mir-1270,20399284,20399306,-	4.342433029465196	1.089251192345614
hsa-miR-6882-5p	1	17	17	4.34	1.09	15:hsa;hsa-mir-6882,74840647,74840668,-	4.342433029465196	1.089251192345614
hsa-miR-124-3p	1	17	5.67	4.34	1.09	8:hsa;hsa-mir-124-1,9903440,9903461,-	1.4474776764883988	0.3630837307818714
hsa-miR-124-3p	1	17	5.67	4.34	1.09	20:hsa;hsa-mir-124-3,63178552,63178573,+	1.4474776764883988	0.3630837307818714
hsa-miR-455-5p	2	17	17	4.34	1.09	9:hsa;hsa-mir-455,114209449,114209470,+	4.342433029465196	1.089251192345614
hsa-miR-3200-5p	2	17	17	4.34	1.09	22:hsa;hsa-mir-3200,30731569,30731590,+	4.342433029465196	1.089251192345614
hsa-miR-3127-5p	1	17	17	4.34	1.09	2:hsa;hsa-mir-3127,96798288,96798310,+	4.342433029465196	1.089251192345614
hsa-miR-124-3p	1	17	5.67	4.34	1.09	8:hsa;hsa-mir-124-2,64379210,64379231,+	1.4474776764883988	0.3630837307818714
hsa-miR-141-5p	1	17	17	4.34	1.09	12:hsa;hsa-mir-141,6964113,6964134,+	4.342433029465196	1.089251192345614
hsa-miR-146b-3p	1	17	17	4.34	1.09	10:hsa;hsa-mir-146b,102436557,102436578,+	4.342433029465196	1.089251192345614
hsa-miR-374c-5p	1	16	8	4.09	1.03	X:hsa;hsa-mir-374c,74218561,74218582,+	2.043497896218916	0.512588796397936
hsa-miR-3131	1	16	16	4.09	1.03	2:hsa;hsa-mir-3131,219058691,219058713,-	4.086995792437832	1.025177592795872
hsa-miR-1843	1	16	16	4.09	1.03	1:hsa;hsa-mir-1843,175968390,175968409,-	4.086995792437832	1.025177592795872
hsa-miR-3178	1	16	16	4.09	1.03	16:hsa;hsa-mir-3178,2531932,2531948,-	4.086995792437832	1.025177592795872
hsa-miR-3127-3p	1	16	16	4.09	1.03	2:hsa;hsa-mir-3127,96798324,96798345,+	4.086995792437832	1.025177592795872
hsa-miR-195-5p	2	16	14.67	4.09	1.03	17:hsa;hsa-mir-195,7017629,7017649,-	3.746412809734679	0.9397461267295494
hsa-miR-506-3p	1	16	16	4.09	1.03	X:hsa;hsa-mir-506,147230790,147230810,-	4.086995792437832	1.025177592795872
hsa-miR-29b-1-5p	1	15	15	3.83	0.96	7:hsa;hsa-mir-29b-1,130877468,130877491,-	3.831558555410467	0.96110399324613
hsa-miR-369-5p	1	15	15	3.83	0.96	14:hsa;hsa-mir-369,101065606,101065627,+	3.831558555410467	0.96110399324613
hsa-miR-454-5p	1	14	14	3.58	0.9	17:hsa;hsa-mir-454,59137781,59137802,-	3.5761213183831027	0.897030393696388
hsa-miR-887-3p	1	14	14	3.58	0.9	5:hsa;hsa-mir-887,15935229,15935250,+	3.5761213183831027	0.897030393696388
hsa-miR-342-5p	1	14	14	3.58	0.9	14:hsa;hsa-mir-342,100109673,100109693,+	3.5761213183831027	0.897030393696388
hsa-miR-6514-5p	2	14	14	3.58	0.9	11:hsa;hsa-mir-6514,62792702,62792724,-	3.5761213183831027	0.897030393696388
hsa-miR-7704	1	14	14	3.58	0.9	2:hsa;hsa-mir-7704,176188843,176188861,+	3.5761213183831027	0.897030393696388
hsa-miR-543	1	13	13	3.32	0.83	14:hsa;hsa-mir-543,101032033,101032054,+	3.320684081355738	0.832956794146646
hsa-miR-30c-1-3p	2	13	12.5	3.32	0.83	1:hsa;hsa-mir-30c-1,40757339,40757360,+	3.1929654628420563	0.8009199943717751
hsa-miR-4695-3p	1	13	13	3.32	0.83	1:hsa;hsa-mir-4695,18883252,18883273,-	3.320684081355738	0.832956794146646
hsa-miR-487b-3p	1	13	13	3.32	0.83	14:hsa;hsa-mir-487b,101046505,101046526,+	3.320684081355738	0.832956794146646
hsa-miR-18a-3p	1	13	13	3.32	0.83	13:hsa;hsa-mir-18a,91350797,91350819,+	3.320684081355738	0.832956794146646
hsa-let-7f-2-3p	1	13	13	3.32	0.83	X:hsa;hsa-let-7f-2,53557249,53557270,-	3.320684081355738	0.832956794146646
hsa-miR-4516	1	13	13	3.32	0.83	16:hsa;hsa-mir-4516,2133120,2133136,+	3.320684081355738	0.832956794146646
hsa-miR-5699-5p	1	12	12	3.07	0.77	10:hsa;hsa-mir-5699,641698,641719,-	3.065246844328374	0.768883194596904
hsa-miR-452-5p	2	11	11	2.81	0.7	X:hsa;hsa-mir-452,151959641,151959662,-	2.8098096073010095	0.704809595047162
hsa-miR-485-3p	1	11	11	2.81	0.7	14:hsa;hsa-mir-485,101055464,101055485,+	2.8098096073010095	0.704809595047162
hsa-miR-3928-3p	1	11	11	2.81	0.7	22:hsa;hsa-mir-3928,31160098,31160119,-	2.8098096073010095	0.704809595047162
hsa-miR-664b-5p	1	10	10	2.55	0.64	X:hsa;hsa-mir-664b,154768596,154768619,+	2.554372370273645	0.64073599549742
hsa-miR-509-3p	1	10	2.5	2.55	0.64	X:hsa;hsa-mir-509-2,147260589,147260610,-	0.6385930925684112	0.160183998874355
hsa-miR-215-5p	7	10	10	2.55	0.64	1:hsa;hsa-mir-215,220117879,220117899,-	2.554372370273645	0.64073599549742
hsa-miR-509-3p	1	10	2.5	2.55	0.64	X:hsa;hsa-mir-509-2,147258814,147258835,-	0.6385930925684112	0.160183998874355
hsa-miR-509-3p	1	10	2.5	2.55	0.64	X:hsa;hsa-mir-509-1,147260586,147260607,-	0.6385930925684112	0.160183998874355
hsa-miR-509-3p	1	10	2.5	2.55	0.64	X:hsa;hsa-mir-509-3,147259695,147259716,-	0.6385930925684112	0.160183998874355
hsa-miR-374a-3p	1	9	9	2.3	0.58	X:hsa;hsa-mir-374a,74287327,74287348,-	2.2989351332462804	0.576662395947678
hsa-miR-323a-3p	1	9	9	2.3	0.58	14:hsa;hsa-mir-323a,101025782,101025802,+	2.2989351332462804	0.576662395947678
hsa-miR-382-5p	1	9	9	2.3	0.58	14:hsa;hsa-mir-382,101054316,101054337,+	2.2989351332462804	0.576662395947678
hsa-miR-2116-3p	1	9	9	2.3	0.58	15:hsa;hsa-mir-2116,59171233,59171253,-	2.2989351332462804	0.576662395947678
hsa-miR-96-5p	1	9	9	2.3	0.58	7:hsa;hsa-mir-96,129774700,129774722,-	2.2989351332462804	0.576662395947678
hsa-miR-128-2-5p	1	8	8	2.04	0.51	3:hsa;hsa-mir-128-2,35744490,35744512,+	2.043497896218916	0.512588796397936
hsa-miR-130a-3p	1	8	8	2.04	0.51	11:hsa;hsa-mir-130a,57641252,57641273,+	2.043497896218916	0.512588796397936
hsa-let-7i-3p	1	7	7	1.79	0.45	12:hsa;hsa-let-7i,62603747,62603768,+	1.7880606591915513	0.448515196848194
hsa-miR-4423-5p	1	6	6	1.53	0.38	1:hsa;hsa-mir-4423,85133806,85133827,+	1.532623422164187	0.384441597298452
hsa-miR-3173-3p	1	5	5	1.28	0.32	14:hsa;hsa-mir-3173,95137961,95137982,-	1.2771861851368225	0.32036799774871
hsa-miR-671-3p	1	5	5	1.28	0.32	7:hsa;hsa-mir-671,151238488,151238508,+	1.2771861851368225	0.32036799774871
hsa-miR-4429	2	4	4	1.02	0.26	2:hsa;hsa-mir-4429,11540611,11540630,-	1.021748948109458	0.256294398198968
hsa-let-7f-1-3p	2	4	3.5	1.02	0.26	9:hsa;hsa-let-7f-1,94176409,94176430,+	0.8940303295957757	0.224257598424097
hsa-miR-378i	3	3	3	0.77	0.19	22:hsa;hsa-mir-378i,41923228,41923248,-	0.7663117110820935	0.192220798649226
hsa-miR-500b-3p	1	3	1.5	0.77	0.19	X:hsa;hsa-mir-500b,50010722,50010741,+	0.38315585554104675	0.096110399324613
hsa-miR-378c	2	3	3	0.77	0.19	10:hsa;hsa-mir-378c,130962598,130962622,-	0.7663117110820935	0.192220798649226
hsa-miR-548ax	1	1	1	0.26	0.06	X:hsa;hsa-mir-548ax,11318623,11318644,-	0.2554372370273645	0.064073599549742
hsa-miR-513a-5p	1	1	0.5	0.26	0.06	X:hsa;hsa-mir-513a-1,147213499,147213516,-	0.12771861851368224	0.032036799774871
hsa-miR-589-3p	1	1	1	0.26	0.06	7:hsa;hsa-mir-589,5495879,5495902,-	0.2554372370273645	0.064073599549742
hsa-miR-1246	1	1	1	0.26	0.06	2:hsa;hsa-mir-1246,176600990,176601008,-	0.2554372370273645	0.064073599549742
hsa-miR-27a-5p	1	1	1	0.26	0.06	19:hsa;hsa-mir-27a,13836449,13836470,-	0.2554372370273645	0.064073599549742
hsa-miR-138-5p	1	1	1	0.26	0.06	16:hsa;hsa-mir-138-2,56858527,56858549,+	0.2554372370273645	0.064073599549742
hsa-miR-513a-5p	1	1	0.5	0.26	0.06	X:hsa;hsa-mir-513a-2,147225861,147225878,-	0.12771861851368224	0.032036799774871
hsa-miR-582-3p	1	1	1	0.26	0.06	5:hsa;hsa-mir-582,59703658,59703679,-	0.2554372370273645	0.064073599549742
hsa-miR-326	1	1	1	0.26	0.06	11:hsa;hsa-mir-326,75335151,75335170,-	0.2554372370273645	0.064073599549742
hsa-miR-6129	1	1	1	0.26	0.06	17:hsa;hsa-mir-6129,49288366,49288384,-	0.2554372370273645	0.064073599549742
hsa-miR-5702	1	1	1	0.26	0.06	2:hsa;hsa-mir-5702,226658762,226658783,-	0.2554372370273645	0.064073599549742
hsa-miR-20a-3p	1	1	1	0.26	0.06	13:hsa;hsa-mir-20a,91351108,91351129,+	0.2554372370273645	0.064073599549742
hsa-miR-378d	1	1	0.5	0.26	0.06	4:hsa;hsa-mir-378d-1,5923305,5923324,-	0.12771861851368224	0.032036799774871
